20
Susie Rodriguez           100  73  90  78  84  95  96  90  79  76  78  75  97  76 100  74  94 100  96  84
Dave Miller                95  77  75  72  97  86  83  80  97  89  83  86 100  74  92  91  77  74  91  86
Susie Doe                  74  86  95  78  75  83  84  96  81  92  79  89  99  95  97  78  86  97  75  78
Jean Miller               100  82  99  90  95  99  82  87  75  73  90  93  98  83  74  91  96  86  91  95
Kate Rodriguez             90  90  73  82  76  92  81  75  84  74  78  77  78  80  74  83  81  95  92  78
Kate Garcia                99  99  80  88  98  89  95  76  98  87  92  83  75  78  84  94  74  77  96  99
Jean Smith                 96  92  94  95  87  77  83  76  96  74  89 100  73  80  72  98  99  87  92  84
Kate Johnson               79  99  82  81  91  95  85  95  97  82  75  76  79  74  98  94  94 100  87  91
Jane Garcia                99  81  96  80  82  94  93  85  98  94  78  85  72  98  97  85  83  80  75  79
Mary Wilson                86  73  88  72  94  88  97 100  98  76  88  84  73  77  89  80  98  96  76  81
Jane Johnson               90  79  73  78  93  83  75  92  82  96  72  80  91  92  77  84  99  90  82  89
Jean Miller                89  73  73  88  83  93  73  90  91  92  83  91  73  76  94  84  78  98  77  83
Dave Rodriguez             86 100  74  76  77  81  93  79  92  94  74  73  82  86  72  97  84  97  87  83
Dave Rodriguez             86  98  90  99  77  72  90  78  85  83  78  79  81 100  93  79  81  80  93  73
James Rodriguez            99  81  77  97  97  91  73  95  97  93  81  79  91  93  88  97  81  80  79  83
James Doe                  76  72  79  95  98  92  88  96  96  73  90  91  99  82  85  97  95  98  81  79
Mary Wilson                81  76  80  77  96  96  72  84  92  94  84  78  98  95 100  79 100  82  77  87
George Johnson             92  85  73  91  99  85  88  89  76 100  98  90  95  89  73  79  95  72  82  87
Mary Jones                 85  79  82  91  74  81  83  99  79  75  93  79  89  88  75  77  77  86  76  92
Dave Brown                 84  79  94  83  91  91  90  99  96  91  82  91  89  84  94  93  99  87  93  96